
==============================================================================
1. UNIVERSE / DESIGN
==============================================================================
{
  "n_markets": 82,
  "families": {
    "Commodity futures": 10,
    "Crypto spot": 3,
    "FX (futures marks)": 16,
    "Global equity-index futures": 10,
    "Rate futures": 7,
    "US ETFs": 4,
    "US equity indices": 6,
    "US single stocks": 26
  },
  "bars_per_market_median": 2562.0,
  "history_span": [
    "1970-06-15",
    "2026-03-28"
  ],
  "pairs": 9299,
  "rows_long": 762518,
  "total_backtests": 1525036
}
median pair Sharpe: 0.22792875630540246  best pair: 116/378
variants present: ['base', 'cost3x', 'fast', 'slow', 'sma', 'weekly', 'zerocost']
negative control: [
  {
    "pair": "5/20",
    "contaminated_fx_spot_med_sharpe": 0.455,
    "n_ctrl": 1,
    "fx_futures_med_sharpe": 0.059,
    "n_clean": 16,
    "inflation": 0.396
  },
  {
    "pair": "5/35",
    "contaminated_fx_spot_med_sharpe": 0.505,
    "n_ctrl": 1,
    "fx_futures_med_sharpe": 0.033,
    "n_clean": 16,
    "inflation": 0.472
  },
  {
    "pair": "8/21",
    "contaminated_fx_spot_med_sharpe": 0.464,
    "n_ctrl": 1,
    "fx_futures_med_sharpe": 0.066,
    "n_clean": 16,
    "inflation": 0.398
  },
  {
    "pair": "9/21",
    "contaminated_fx_spot_med_sharpe": 0.444,
    "n_ctrl": 1,
    "fx_futures_med_sharpe": 0.053,
    "n_clean": 16,
    "inflation": 0.392
  },
  {
    "pair": "10/20",
    "contaminated_fx_spot_med_sharpe": 0.423,
    "n_ctrl": 1,
    "fx_futures_med_sharpe": 0.015,
    "n_clean": 16,
    "inflation": 0.408
  },
  {
    "pair": "10/100",
    "contaminated_fx_
execution: {
  "markets": 39,
  "next_open_best": {
    "pair": "120/396",
    "med_sharpe_next_open": 0.6320177994577385
  },
  "median_drop_from_close_to_open": 0.016035859600506575
}

==============================================================================
2. THE PICK (robust surface rule, long/flat and long/short) + EXT CHECK
==============================================================================

best_long: {
  "rule": "max-min over +/-4 fast, +/-16 slow, interior, 0.75-14 trades/yr, >=75% markets positive",
  "fast": 150,
  "slow": 710,
  "nb_min_sharpe": 0.4553415669438592,
  "med_sharpe": 0.46717759808364645,
  "share_pos": 0.7804878048780488,
  "share_beat_bh": 0.45121951219512196,
  "med_calmar": 0.18208969598699862,
  "med_dd": -0.33534148746533116,
  "trades_yr": 0.318992353585976,
  "n_considered": 11325,
  "unconstrained": {
    "fast": 150,
    "slow": 718,
    "nb_min_sharpe": 0.4553415669438592,
    "med_sharpe": 0.45751126462477376,
    "trades_yr": 0.29795346522985877
  },
  "raw_median_sharpe_best": {
    "fast": 34,
    "slow": 694,
    "med_sharpe": 0.49233299139171494,
    "nb_min_sharpe": 0.42035549692875873,
    "trades_yr": 0.7692357630683737
  },
  "calmar_rule": {
    "fast": 78,
    "slow": 678,
    "nb_min_calmar": 0.19088490901469524,
    "med_calmar": 0.19698211214419312,
    "med_sharpe": 0.45013116304599865,
    "share_pos": 0.8048780487804879,
    "trades_yr": 0.5015494417645611
  }
}

best_ls: {
  "rule": "max-min over +/-4 fast, +/-16 slow, interior, 0.75-14 trades/yr, >=75% markets positive",
  "fast": 86,
  "slow": 526,
  "nb_min_sharpe": 0.25901463603740194,
  "med_sharpe": 0.2961715449395492,
  "share_pos": 0.7560975609756098,
  "share_beat_bh": 0.2682926829268293,
  "med_calmar": 0.06523334739891362,
  "med_dd": -0.44460943599146613,
  "trades_yr": 0.291585401459854,
  "n_considered": 3235,
  "unconstrained": {
    "fast": 150,
    "slow": 726,
    "nb_min_sharpe": 0.3223884865183084,
    "med_sharpe": 0.34936334646059647,
    "trades_yr": 0.14933284302832528
  },
  "raw_median_sharpe_best": {
    "fast": 150,
    "slow": 738,
    "med_sharpe": 0.36564187100833684,
    "nb_min_sharpe": 0.25904704317894967,
    "trades_yr": 0.13891951488423376
  },
  "calmar_rule": {
    "fast": 74,
    "slow": 610,
    "nb_min_calmar": 0.05846987989205482,
    "med_calmar": 0.05999776634564942,
    "med_sharpe": 0.2712973957970204,
    "share_pos": 0.7682926829268293,
    "trades_yr": 0.2616813157362764
  }
}

robust_best (from summary.json):
  robust_best_long: {
 "fast": 60,
 "slow": 132,
 "med_sharpe": 0.43051768166214976,
 "nb_min": 0.41434707167819157,
 "share_pos": 0.9390243902439024,
 "share_beat_bh": 0.4024390243902439,
 "med_calmar": 0.1502645936797847,
 "med_dd": -0.32865512693597404,
 "med_cagr": 0.04727252858384066,
 "trades_per_year": 1.4578512396694214,
 "spike": 0.00322354374520617
}
  raw_best_long: {
 "fast": 80,
 "slow": 144,
 "med_sharpe": 0.45549660247379686,
 "nb_min": 0.40270844821808505,
 "share_pos": 0.9024390243902439,
 "share_beat_bh": 0.36585365853658536,
 "med_calmar": 0.15759167997549783,
 "med_dd": -0.32268943194912886,
 "med_cagr": 0.04757793040550548,
 "trades_per_year": 1.2263261244439343,
 "spike": 0.03019796540068248
}
  robust_best_ls: {
 "fast": 120,
 "slow": 398,
 "med_sharpe": 0.2688245170984547,
 "nb_min": 0.2517741084021333,
 "share_pos": 0.7317073170731707,
 "share_beat_bh": 0.3048780487804878,
 "med_calmar": 0.052079226001328256,
 "med_dd": -0.4815013645093526,
 "med_cagr": 0.023529264921936292,
 "trades_per_year": 0.2918512564452083,
 "spike": 0.0067909396528020305
}
  raw_best_ls: {
 "fast": 116,
 "slow": 378,
 "med_sharpe": 0.28110074070835717,
 "nb_min": 0.2459542702219406,
 "share_pos": 0.7195121951219512,
 "share_beat_bh": 0.34146341463414637,
 "med_calmar": 0.05345439320944133,
 "med_dd": -0.4991223115114737,
 "med_cagr": 0.029299052155003818,
 "trades_per_year": 0.28978840846366144,
 "spike": 0.018997697350964293
}
  surface_smoothness_long: {
 "cells": 9299,
 "surface_range": 0.360658492555162,
 "mean_step_fast": 0.008245138339401957,
 "mean_step_slow": 0.007004819209170547,
 "max_step": 0.12015732616435773,
 "p90_over_median": 1.0761538507740616
}
  surface_smoothness_ls: {
 "cells": 9299,
 "surface_range": 0.5587033126396895,
 "mean_step_fast": 0.009649478748585606,
 "mean_step_slow": 0.007203742761819555,
 "max_step": 0.1095040573108351,
 "p90_over_median": 1.120847439739637
}

EXT (slower EMAs to 1200):
  ext_ridge_long: {'peak_med_sharpe': 0.49233299139171494, 'peak_slow': 694, 'last_monotone_slow': 698, 'at_slow_400': 0.41890294081745544}
  ext_ridge_ls: {'peak_med_sharpe': 0.36564187100833684, 'peak_slow': 738, 'last_monotone_slow': 742, 'at_slow_400': 0.2634529301271771}

band tables:

==============================================================================
3. GIVEN YOUR CURRENT SETTINGS
==============================================================================

given_your_fast_long:
  fast  best_slow_robust  nb_min_robust  med_sharpe_robust  share_pos_robust  best_slow_raw  med_sharpe_raw  trades_yr  worst_slow_on_surface  med_sharpe_worst
    8               160          0.369              0.389             0.915            144           0.413       4.24                     12             0.260
   10               134          0.379              0.405             0.927            122           0.417       4.25                     20             0.284
   12               132          0.375              0.424             0.915            122           0.433       3.84                     18             0.295
   20               114          0.377              0.391             0.927            148           0.420       2.61                     42             0.348
   30               132          0.381              0.413             0.951            118           0.425       2.37                    238             0.352
   40               162          0.389              0.418             0.939            102           0.426       2.26                    254             0.346
   50               152          0.407              0.411             0.939            138           0.446       1.66                    322             0.350
   60               132          0.414              0.431             0.939            116           0.447       1.66                    342             0.354
   80               120          0.409              0.437             0.927            144           0.455       1.23                    316             0.353
  100               390          0.392              0.425             0.854            150           0.431       1.08                    302             0.328
  120               364          0.403              0.408             0.854            372           0.426       0.58                    300             0.337

given_your_slow_long:
  slow  best_fast_robust  nb_min_robust  med_sharpe_robust  best_fast_raw  med_sharpe_raw  share_pos_robust  trades_yr
   20                12          0.260              0.305              8           0.320             0.902      12.44
   26                16          0.295              0.332             16           0.332             0.866       7.88
   30                20          0.303              0.353             20           0.353             0.854       6.30
   50                32          0.353              0.382             24           0.404             0.939       4.48
   60                40          0.367              0.402             40           0.402             0.927       3.13
  100                62          0.385              0.409             38           0.436             0.951       2.32
  120                76          0.410              0.435             80           0.437             0.902       1.39
  150                54          0.409              0.430             96           0.435             0.939       1.15
  200               102          0.383              0.398             94           0.409             0.927       0.96
  210                50          0.380              0.414             48           0.423             0.915       1.29
  250               112          0.364              0.387             88           0.399             0.878       0.87
  300                24          0.366              0.379             28           0.389             0.927       1.34
  380               108          0.397              0.420             62           0.432             0.866       0.81
  400               108          0.397              0.420            110           0.428             0.866       0.62

given_your_fast_ls:
  fast  best_slow_robust  nb_min_robust  med_sharpe_robust  share_pos_robust  best_slow_raw  med_sharpe_raw  trades_yr  worst_slow_on_surface  med_sharpe_worst
    8               382          0.197              0.228             0.805            400           0.236       1.12                     12            -0.086
   10               378          0.201              0.242             0.805            378           0.242       1.02                     20             0.001
   12               388          0.215              0.234             0.829            396           0.238       0.90                     42             0.004
   20               388          0.218              0.218             0.768            394           0.256       0.70                     44             0.015
   30               380          0.217              0.243             0.817            400           0.251       0.58                     46             0.072
   40               380          0.211              0.239             0.780            390           0.255       0.52                     60             0.140
   50               396          0.229              0.258             0.780            396           0.258       0.47                    228             0.177
   60               400          0.228              0.252             0.780            394           0.255       0.42                    198             0.161
   80               394          0.229              0.245             0.793            380           0.267       0.35                    222             0.163
  100               400          0.244              0.262             0.744            380           0.275       0.34                    202             0.190
  120               388          0.252              0.259             0.744            376           0.276       0.29                    216             0.183

given_your_slow_ls:
  slow  best_fast_robust  nb_min_robust  med_sharpe_robust  best_fast_raw  med_sharpe_raw  share_pos_robust  trades_yr
   20                12         -0.086              0.023             12           0.023             0.512       5.07
   26                16          0.004              0.035             12           0.057             0.549       4.44
   30                20          0.015              0.043             16           0.047             0.610       3.61
   50                32          0.053              0.096             28           0.098             0.695       2.12
   60                40          0.132              0.140             38           0.141             0.732       1.62
  100                64          0.196              0.207             50           0.241             0.829       1.03
  120                78          0.204              0.245             38           0.255             0.817       1.04
  150                46          0.204              0.226             64           0.249             0.829       0.72
  200               114          0.196              0.213             36           0.217             0.817       0.80
  210                40          0.196              0.223             34           0.237             0.841       0.77
  250                88          0.196              0.202             28           0.231             0.817       0.77
  300               104          0.215              0.217             60           0.235             0.780       0.46
  380               120          0.251              0.270            106           0.276             0.756       0.32
  400               120          0.252              0.259             96           0.270             0.720       0.33

constrained best (interior, 0.75-14 trades/yr, >=75% markets positive):

==============================================================================
4. FAMOUS SETTINGS vs THE GRID
==============================================================================
             label mode  fast  slow  med_sharpe  nb_min_sharpe  med_calmar  share_pos  rank_raw  rank_robust  med_sharpe  nb_min_sharpe
study top-3 robust long    60   132       0.431          0.414       0.150      0.939       209            2       0.431          0.414
study top-3 robust long    62   130       0.433          0.414       0.153      0.939       138            2       0.433          0.414
study top-3 robust long    62   128       0.430          0.414       0.146      0.939       235            2       0.430          0.414
study top-3 robust long    80   144       0.455          0.403       0.158      0.902         1          239       0.455          0.403
            50/200 long    50   200       0.401          0.383       0.145      0.915      2219         1056       0.401          0.383
study top-3 robust long    60   116       0.447          0.382       0.158      0.963         2         1256       0.447          0.382
            20/100 long    20   100       0.387          0.360       0.123      0.927      4490         4709       0.387          0.360
            10/100 long    10   100       0.371          0.328       0.119      0.915      6870         8692       0.371          0.328
             20/50 long    20    50       0.356          0.323       0.102      0.902      8410         8768       0.356          0.323
        12/26 MACD long    12    26       0.319          0.260       0.089      0.890      9177         9215       0.319          0.260
             10/20 long    10    20       0.284          0.226       0.079      0.915      9262         9250       0.284          0.226
study top-3 robust   ls   120   398       0.269          0.252       0.052      0.732        62            4       0.269          0.252
study top-3 robust   ls   120   400       0.259          0.252       0.049      0.720       188            4       0.259          0.252
study top-3 robust   ls   120   394       0.259          0.252       0.045      0.732       185            4       0.259          0.252
study top-3 robust   ls   116   378       0.281          0.246       0.053      0.720         1           25       0.281          0.246
study top-3 robust   ls   106   378       0.279          0.224       0.059      0.744         2          297       0.279          0.224
            50/200   ls    50   200       0.194          0.177       0.036      0.829      6992         6189       0.194          0.177
            20/100   ls    20   100       0.128          0.095      -0.007      0.732      8611         8484       0.128          0.095
            10/100   ls    10   100       0.101          0.041      -0.007      0.646      8805         8838       0.101          0.041
             20/50   ls    20    50       0.065          0.015      -0.019      0.622      8977         8993       0.065          0.015
        12/26 MACD   ls    12    26       0.057         -0.086      -0.029      0.573      9011         9210       0.057         -0.086
             10/20   ls    10    20       0.001         -0.139      -0.054      0.512      9219         9240       0.001         -0.139

==============================================================================
5. WALK-FORWARD
==============================================================================

wf_stats: {
  "folds": 390,
  "markets": 78,
  "is_winner_med_oos": 0.08743492891611147,
  "is_winner_med_is": 0.961894986195605,
  "oracle_med_oos": 0.9048688484090903,
  "median_pair_med_oos": 0.21417524634174517,
  "decay_pct": 0.9091013778313517,
  "share_oos_positive": 0.5538461538461539,
  "share_is_winner_positive": 0.9923076923076923,
  "corr_is_oos": -0.1545391534026699
}

split_long: {
  "pairs": 40,
  "markets": 81,
  "cut": "first 60% of each market's history used for selection",
  "med_is_best": 0.4886540347171304,
  "med_oos_of_is_best": 0.29438966047559645,
  "med_oos_of_robust_pick": 0.2605130225121174,
  "nb_is_of_robust_pick": 0.536536182795062,
  "med_oos_cheating_pick": 0.35224435109402297,
  "median_pair_oos": 0.24593786333290096,
  "corr_is_oos": 0.5376012973323817,
  "rank_corr_is_oos": 0.5481434977160061,
  "bh_oos": 0.4078307447785508,
  "rows": 3217,
  "picked": {
    "fast": 60,
    "slow": 132,
    "picked": "nan"
  }
}

split_ls: {
  "pairs": 40,
  "markets": 81,
  "cut": "first 60% of each market's history used for selection",
  "med_is_best": 0.39336529661011904,
  "med_oos_of_is_best": 0.23299678138536684,
  "med_oos_of_robust_pick": 0.19608697618140747,
  "nb_is_of_robust_pick": 0.4089548491589808,
  "med_oos_cheating_pick": 0.2840310358074104,
  "median_pair_oos": 0.10480552643614928,
  "corr_is_oos": 0.8498404359194439,
  "rank_corr_is_oos": 0.8832452694440681,
  "bh_oos": 0.4078307447785508,
  "rows": 3223,
  "picked": {
    "fast": 116,
    "slow": 378,
    "picked": "by IS neighbour-robust Sharpe"
  }
}

==============================================================================
6. TREND BOOK vs BUY & HOLD
==============================================================================
bh_book: {
  "sharpe": 0.6270559998039908,
  "cagr": 0.10082938677149172,
  "max_dd": -0.5214017802914255
}
book_dense_window: ['2009-01-01', '2019-02-28']

bh_reference (fair, same book/market set/window; vt = 10% vol target):
   pair mode  st_sharpe  bh_sharpe  st_dd  bh_dd  vt_sharpe  bhvt_sharpe  vt_dd  bhvt_dd  vt_calmar  bhvt_calmar  exposure  markets  days
 58/160 long      0.651      0.660 -0.421 -0.513      0.920        0.720 -0.241   -0.635      0.353        0.109     0.935       82 15612
 58/160   ls      0.399      0.660 -0.602 -0.513      0.652        0.720 -0.401   -0.635      0.153        0.109       NaN       82 15612
 60/130 long      0.706      0.675 -0.419 -0.513      0.973        0.737 -0.211   -0.633      0.428        0.112     0.933       82 15652
 60/130   ls      0.472      0.675 -0.552 -0.513      0.710        0.737 -0.320   -0.633      0.210        0.112       NaN       82 15652
 50/136 long      0.729      0.674 -0.419 -0.513      0.998        0.733 -0.218   -0.631      0.427        0.112     0.933       82 15643
 50/136   ls      0.510      0.674 -0.560 -0.513      0.758        0.733 -0.304   -0.631      0.238        0.112       NaN       82 15643
 40/116 long      0.742      0.676 -0.483 -0.513      1.004        0.741 -0.234   -0.633      0.402        0.113     0.932       82 15670
 40/116   ls      0.512      0.676 -0.611 -0.513      0.779        0.741 -0.388   -0.633      0.192        0.113       NaN       82 15670
 50/200 long      0.652      0.666 -0.464 -0.513      0.917        0.714 -0.317   -0.636      0.267        0.108     0.936       82 15560
 50/200   ls      0.393      0.666 -0.710 -0.513      0.628        0.714 -0.516   -0.636      0.114        0.108       NaN       82 15560
  12/26 long      0.690      0.629 -0.485 -0.521      0.874        0.679 -0.425   -0.628      0.195        0.103     0.926       82 15790
  12/26   ls      0.376      0.629 -0.660 -0.521      0.675        0.679 -0.452   -0.628      0.141        0.103       NaN       82 15790
 32/384 long      0.637      0.677 -0.446 -0.497      0.883        0.679 -0.274   -0.636      0.295        0.103     0.939       81 15314
 32/384   ls      0.391      0.677 -0.666 -0.497      0.646        0.679 -0.374   -0.636      0.162        0.103       NaN       81 15314
150/710 long      0.470      0.675 -0.497 -0.497      0.690        0.662 -0.284   -0.637      0.218        0.100     0.926       80 14882
150/710   ls      0.083      0.675 -0.853 -0.497      0.272        0.662 -0.616   -0.637      0.036        0.100       NaN       80 14882

[long] best on the diversified book (vt_sharpe):
   pair  sharpe  vt_sharpe  vt_cagr  vt_dd  vt_calmar       why
60/116   0.730      1.012    0.095 -0.215      0.439 cand_long
50/138   0.722      0.986    0.092 -0.224      0.409 cand_long
58/132   0.713      0.984    0.091 -0.221      0.414 cand_long
56/134   0.708      0.977    0.091 -0.224      0.405 cand_long
60/130   0.706      0.973    0.090 -0.211      0.428 cand_long
58/134   0.708      0.970    0.090 -0.214      0.420 cand_long
60/132   0.706      0.969    0.090 -0.211      0.425 cand_long
62/130   0.706      0.963    0.089 -0.220      0.406 cand_long
60/134   0.702      0.961    0.089 -0.216      0.413 cand_long
62/128   0.701      0.953    0.088 -0.218      0.405 cand_long

[ls] best on the diversified book (vt_sharpe):
   pair  sharpe  vt_sharpe  vt_cagr  vt_dd  vt_calmar       why
60/116   0.507      0.756    0.072 -0.306      0.235 cand_long
50/138   0.501      0.744    0.071 -0.308      0.230 cand_long
58/132   0.485      0.732    0.070 -0.310      0.224 cand_long
56/134   0.477      0.723    0.069 -0.302      0.227 cand_long
10/100   0.417      0.714    0.068 -0.532      0.128    famous
60/132   0.477      0.712    0.067 -0.320      0.210 cand_long
58/134   0.477      0.711    0.067 -0.318      0.212 cand_long
60/130   0.472      0.710    0.067 -0.320      0.210 cand_long
60/134   0.469      0.703    0.066 -0.316      0.210 cand_long
62/128   0.469      0.702    0.066 -0.321      0.207 cand_long

==============================================================================
7. PER-MARKET WINNERS / VOL SCALING
==============================================================================
per_market: {
  "best_slow_median": 162.0,
  "best_slow_min": 6,
  "best_slow_max": 400,
  "best_slow_iqr": [
    88.5,
    373.0
  ],
  "best_fast_median": 39.0,
  "share_slow_ge_100": 0.7073170731707317,
  "share_slow_le_30": 0.07317073170731707,
  "share_beats_bh_at_own_best": 0.6341463414634146,
  "median_sharpe_of_is_winner": 0.5202378059585611,
  "corr_slow_vs_vol": -0.1396740979870235,
  "corr_slow_vs_autocorr": -0.27465924082140064
}
vol scaling table:
          asset asset_class  fast  slow  ann_vol  lag1_autocorr  slow_x_vol  slow_over_fast  months_slow  sharpe
     stock/PFE       stock   120   400   0.2009        -0.0265      80.364            3.33        19.05   0.870
fut_rates/BUND   fut_rates   116   400   0.0905        -0.0091      36.213            3.45        22.75   0.885
      stock/VZ       stock    38   396   0.1791        -0.0117      70.913           10.42        18.86   0.776
vol scaling (surfaces): {}
DSR: {
  "10/20": {
    "med_sharpe": 0.001,
    "hurdle": 1.21,
    "dsr_literal": 0.0,
    "dsr_effective": 0.002
  },
  "10/100": {
    "med_sharpe": 0.101,
    "hurdle": 1.229,
    "dsr_literal": 0.0,
    "dsr_effective": 0.006
  },
  "12/26": {
    "med_sharpe": 0.057,
    "hurdle": 1.211,
    "dsr_literal": 0.0,
    "dsr_effective": 0.004
  },
  "20/50": {
    "med_sharpe": 0.065,
    "hurdle": 1.217,
    "dsr_literal": 0.0,
    "dsr_effective": 0.005
  },
  "20/100": {
    "med_sharpe": 0.128,
    "hurdle": 1.229,
    "dsr_literal": 0.0,
    "dsr_effective": 0.008
  },
  "50/138": {
    "med_sharpe": 0.221,
    "hurdle": 1.239,
    "dsr_literal": 0.001,
    "dsr_effective": 0.017
  },
  "50/200": {
    "med_sharpe": 0.194,
    "hurdle": 1.255,
    "dsr_literal": 0.001,
    "dsr_effective": 0.013
  },
  "56/134": {
    "med_sharpe": 0.226,
    "hurdle": 1.238,
    "dsr_literal": 0.001,
    "dsr_effective": 0.017
  },
  "58/132": {
    "med_sharpe": 0.228,
    "hurdle": 1.238,
    "dsr_literal": 0.001,
    "dsr_effective": 0.018
  },
  "58/134": {
    "med_sharpe": 0.225,
    "hurdle": 1.238,
    "dsr_literal": 0.001,
    "dsr_effective": 0.017
  },
  "60/116": {
    "med_sharpe": 

==============================================================================
8. COST SENSITIVITY
==============================================================================
   pair  fast  slow  base_long  base_long_pos  base_ls  base_ls_pos  zerocost_long  zerocost_long_pos  zerocost_ls  zerocost_ls_pos  cost3x_long  cost3x_long_pos  cost3x_ls  cost3x_ls_pos  weekly_long  weekly_long_pos  weekly_ls  weekly_ls_pos  sma_long  sma_long_pos  sma_ls  sma_ls_pos
   5/20     5    20        NaN            NaN      NaN          NaN            NaN                NaN          NaN              NaN          NaN              NaN        NaN            NaN          NaN              NaN        NaN            NaN       NaN           NaN     NaN         NaN
   5/35     5    35        NaN            NaN      NaN          NaN            NaN                NaN          NaN              NaN          NaN              NaN        NaN            NaN          NaN              NaN        NaN            NaN       NaN           NaN     NaN         NaN
   8/21     8    21        NaN            NaN      NaN          NaN            NaN                NaN          NaN              NaN          NaN              NaN        NaN            NaN          NaN              NaN        NaN            NaN       NaN           NaN     NaN         NaN
   9/21     9    21        NaN            NaN      NaN          NaN            NaN                NaN          NaN              NaN          NaN              NaN        NaN            NaN          NaN              NaN        NaN            NaN       NaN           NaN     NaN         NaN
  10/20    10    20      0.284          0.915    0.001        0.512          0.351              0.939        0.064            0.573        0.183            0.732     -0.104          0.354        0.388            0.987      0.219          0.848     0.247         0.878  -0.087       0.402
 10/100    10   100      0.371          0.915    0.101        0.646          0.393              0.915        0.134            0.707        0.339            0.890      0.044          0.585        0.344            0.835      0.215          0.785     0.341         0.915   0.112       0.659
  12/26    12    26      0.319          0.890    0.057        0.573          0.384              0.939        0.111            0.610        0.252            0.768     -0.058          0.415        0.368            0.949      0.207          0.810     0.302         0.817  -0.033       0.463
  13/48    13    48        NaN            NaN      NaN          NaN            NaN                NaN          NaN              NaN          NaN              NaN        NaN            NaN          NaN              NaN        NaN            NaN       NaN           NaN     NaN         NaN
  20/50    20    50      0.356          0.902    0.065        0.622          0.378              0.939        0.102            0.671        0.311            0.829     -0.004          0.488        0.345            0.899      0.219          0.797     0.333         0.878   0.046       0.549
 20/100    20   100      0.387          0.927    0.128        0.732          0.407              0.939        0.160            0.744        0.350            0.866      0.098          0.610        0.354            0.835      0.256          0.734     0.367         0.927   0.142       0.744
  21/55    21    55        NaN            NaN      NaN          NaN            NaN                NaN          NaN              NaN          NaN              NaN        NaN            NaN          NaN              NaN        NaN            NaN       NaN           NaN     NaN         NaN
 50/138    50   138      0.446          0.951    0.221        0.817          0.449              0.951        0.236            0.817        0.436            0.927      0.187          0.805        0.373            0.772      0.263          0.722     0.446         0.939   0.280       0.866
 50/200    50   200      0.401          0.915    0.194        0.829          0.406              0.915        0.201            0.829        0.390            0.915      0.186          0.817        0.336            0.722      0.230          0.696     0.386         0.902   0.173       0.805
 56/134    56   134      0.436          0.939    0.226        0.817          0.442              0.939        0.241            0.841        0.419            0.927      0.196          0.805        0.328            0.759      0.226          0.709     0.448         0.927   0.272       0.841
 58/132    58   132      0.430          0.939    0.228        0.817          0.433              0.939        0.238            0.841        0.414            0.939      0.202          0.793        0.307            0.759      0.238          0.709     0.443         0.915   0.278       0.841
 58/134    58   134      0.415          0.939    0.225        0.829          0.419              0.939        0.231            0.841        0.408            0.939      0.199          0.805        0.340            0.772      0.237          0.696     0.435         0.927   0.257       0.817
 60/116    60   116      0.447          0.963    0.216        0.854          0.450              0.963        0.226            0.854        0.430            0.951      0.192          0.854        0.301            0.747      0.223          0.722     0.384         0.951   0.224       0.854
 60/130    60   130      0.432          0.939    0.214        0.829          0.437              0.939        0.224            0.841        0.423            0.939      0.193          0.793        0.309            0.759      0.219          0.709     0.448         0.927   0.257       0.805
 60/132    60   132      0.431          0.939    0.228        0.829          0.434              0.939        0.237            0.829        0.423            0.927      0.211          0.817        0.315            0.785      0.220          0.709     0.434         0.927   0.258       0.817
 60/134    60   134      0.432          0.939    0.226        0.841          0.436              0.939        0.235            0.841        0.423            0.927      0.205          0.817        0.340            0.785      0.237          0.696     0.434         0.915   0.244       0.805
 62/128    62   128      0.430          0.939    0.221        0.817          0.433              0.939        0.227            0.817        0.422            0.927      0.199          0.793        0.313            0.759      0.229          0.709     0.433         0.915   0.249       0.841
 62/130    62   130      0.433          0.939    0.234        0.829          0.439              0.939        0.244            0.829        0.424            0.927      0.211          0.817        0.308            0.772      0.215          0.696     0.440         0.915   0.260       0.817
 62/166    62   166      0.445          0.915    0.224        0.817          0.449              0.927        0.234            0.829        0.425            0.915      0.207          0.780        0.312            0.785      0.205          0.709     0.400         0.878   0.163       0.817
 64/128    64   128      0.427          0.927    0.228        0.829          0.433              0.939        0.236            0.829        0.413            0.927      0.204          0.805        0.313            0.759      0.206          0.696     0.430         0.915   0.260       0.829
 64/130    64   130      0.428          0.951    0.219        0.817          0.431              0.951        0.225            0.817        0.413            0.927      0.199          0.805        0.289            0.772      0.202          0.709     0.418         0.915   0.264       0.793
 70/146    70   146      0.445          0.902    0.229        0.817          0.450              0.902        0.241            0.817        0.430            0.902      0.209          0.793        0.335            0.785      0.218          0.709     0.396         0.866   0.173       0.829
 76/114    76   114      0.431          0.902    0.218        0.817          0.440              0.915        0.232            0.829        0.415            0.902      0.198          0.793        0.282            0.759      0.233          0.696     0.395         0.915   0.204       0.829
 78/118    78   118      0.435          0.915    0.238        0.805          0.443              0.915        0.247            0.805        0.421            0.890      0.211          0.793        0.277            0.759      0.249          0.696     0.412         0.902   0.185       0.829
 80/144    80   144      0.455          0.902    0.227        0.841          0.460              0.902        0.236            0.841        0.443            0.902      0.211          0.829        0.334            0.772      0.252          0.722     0.388         0.890   0.189       0.841
 84/140    84   140      0.445          0.902    0.202        0.829          0.451              0.902        0.206            0.829        0.433            0.902      0.192          0.829        0.307            0.772      0.249          0.696     0.409         0.878   0.175       0.817
104/374   104   374      0.422          0.866    0.278        0.744          0.423              0.866        0.280            0.744        0.421            0.866      0.269          0.720        0.340            0.747      0.321          0.772     0.380         0.866   0.227       0.720
104/376   104   376      0.427          0.854    0.276        0.732          0.429              0.866        0.280            0.732        0.423            0.841      0.268          0.732        0.333            0.759      0.320          0.797     0.397         0.866   0.226       0.744
104/378   104   378      0.429          0.866    0.277        0.732          0.431              0.866        0.281            0.732        0.424            0.854      0.273          0.732        0.333            0.759      0.319          0.772     0.408         0.866   0.234       0.720
106/378   106   378      0.426          0.866    0.279        0.744          0.427              0.866        0.282            0.744        0.424            0.854      0.275          0.744        0.333            0.747      0.320          0.734     0.408         0.854   0.224       0.720
116/378   116   378      0.414          0.841    0.281        0.720          0.415              0.854        0.285            0.744        0.412            0.841      0.274          0.720        0.329            0.747      0.307          0.747     0.396         0.841   0.244       0.720
120/376   120   376      0.414          0.841    0.276        0.756          0.416              0.841        0.280            0.756        0.411            0.841      0.269          0.756        0.333            0.772      0.307          0.759     0.411         0.854   0.240       0.707
120/380   120   380      0.406          0.854    0.270        0.756          0.406              0.854        0.273            0.756        0.404            0.854      0.262          0.744        0.333            0.759      0.307          0.747     0.411         0.854   0.241       0.732
120/382   120   382      0.402          0.854    0.256        0.744          0.404              0.854        0.260            0.744        0.400            0.841      0.250          0.744        0.333            0.759      0.307          0.747     0.400         0.854   0.235       0.732
120/384   120   384      0.399          0.854    0.266        0.744          0.401              0.854        0.270            0.744        0.397            0.841      0.258          0.744        0.333            0.747      0.309          0.722     0.396         0.841   0.233       0.732
120/386   120   386      0.397          0.854    0.262        0.744          0.398              0.854        0.264            0.744        0.395            0.841      0.256          0.744        0.333            0.747      0.307          0.722     0.403         0.841   0.238       0.732
120/388   120   388      0.406          0.854    0.259        0.744          0.407              0.854        0.264            0.744        0.404            0.854      0.254          0.732        0.333            0.759      0.309          0.709     0.407         0.841   0.242       0.744
120/390   120   390      0.411          0.854    0.264        0.732          0.412              0.854        0.267            0.756        0.409            0.854      0.257          0.720        0.333            0.759      0.309          0.722     0.409         0.854   0.238       0.744
120/392   120   392      0.407          0.854    0.258        0.744          0.408              0.854        0.260            0.744        0.404            0.854      0.253          0.732        0.333            0.747      0.309          0.722     0.400         0.829   0.246       0.732
120/394   120   394      0.401          0.854    0.259        0.732          0.403              0.854        0.262            0.756        0.397            0.854      0.254          0.732        0.333            0.759      0.309          0.722     0.392         0.829   0.239       0.732
120/396   120   396      0.400          0.866    0.268        0.732          0.402              0.866        0.272            0.732        0.396            0.854      0.260          0.732        0.333            0.759      0.309          0.747     0.402         0.829   0.251       0.732
120/398   120   398      0.398          0.854    0.269        0.732          0.399              0.854        0.273            0.732        0.394            0.854      0.261          0.732        0.333            0.759      0.310          0.722     0.410         0.829   0.246       0.732
120/400   120   400      0.401          0.854    0.259        0.720          0.402              0.854        0.263            0.720        0.396            0.854      0.251          0.720        0.333            0.759      0.309          0.734     0.405         0.841   0.245       0.744
decades: {
  "columns": [
    "1970s_ls",
    "1980s_ls",
    "1990s_ls",
    "2000s_ls",
    "2010s_ls",
    "2020s_ls"
  ],
  "rows": [
    {
      "pair": "10/100",
      "1970s_long": 0.92,
      "1970s_n": 8,
      "1970s_ls": 1.07,
      "1980s_long": 0.43,
      "1980s_n": 10,
      "1980s_ls": 0.59,
      "1990s_long": 0.21,
      "1990s_n": 20,
      "1990s_ls": 0.22,
      "2000s_long": 0.45,
      "2000s_n": 33,
      "2000s_ls": 0.29,
      "2010s_long": 0.32,
      "2010s_n": 79,
      "2010s_ls": -0.07,
      "2020s_long": 0.1,
      "2020s_n": 45,
      "2020s_ls": 0.03
    },
    {
      "pair": "10/20",
      "1970s_long": 0.9,
      "1970s_n": 8,
      "1970s_ls": 1.02,
      "1980s_long": 0.27,
      "1980s_n": 10,
      "1980s_ls": 0.3,
      "1990s_long": 0.04,
      "1990s_n": 20,
      "1990s_ls": 0.15,
      "2000s_long": 0.37,
      "2000s_n": 33,
      "2000s_ls": 0.24,
      "2010s_long": 0.29,
      "2010s_n": 79,
      "2010s_ls": -0.14,
      "2020s_long": 0.14,
      "2020s_n": 45,
      "2020s_ls": -0.02
    },
    {
      "pair": "104/374",
      "1970s_long": 0.56,
      "1970s_n": 8,
      "1970s_ls": 0.51,
      "1980s_long": 0.33,
      "1980s_n": 10,
      "1980s_ls": 0.33,
      "1990s_long": 0.09,
      "1990s_n": 19,
      "1990s_ls": 0.03,
      "2000s_long": 0.37,
      "2000s_n": 32,
      "2000s_ls": 0.12,
      "2010s_long": 0.4,
      "2010s_n": 79,
      "2010s_ls": 0.17,
      "2020s_long": -0.39,
      "2020s_n": 45,
      "2020s_ls": 

==============================================================================
9. SHORTLIST: per asset class, consistency, decades, home markets
==============================================================================

pair_by_asset_class: null

rolling_3y: null

decades: n/a

home_markets: null

global_vs_per_market: [
  {
    "pair": "58/160",
    "label": "study robust pick",
    "markets": 82,
    "med_sharpe_global": 0.4278083915257721,
    "med_sharpe_per_market_is_best": 0.655806541853783,
    "share_as_good_as_own_best": 0.036585365853658534,
    "median_capture_ratio": 0.6804337766532146
  },
  {
    "pair": "82/140",
    "label": "study raw median-Sharpe best",
    "markets": 82,
    "med_sharpe_global": 0.43530236660656785,
    "med_sharpe_per_market_is_best": 0.655806541853783,
    "share_as_good_as_own_best": 0.04878048780487805,
    "median_capture_ratio": 0.6961262033597237
  },
  {
    "pair": "12/26",
    "label": "12/26 MACD",
    "markets": 82,
    "med_sharpe_global": 0.3186255876025763,
    "med_sharpe_per_market_is_best": 0.655806541853783,
    "share_as_good_as_own_best": 0.012195121951219513,
    "median_capture_ratio": 0.5307809889823034
  },
  {
    "pair": "9/21",
    "label": "9/21",
    "markets": 0,
    "med_sharpe_global": NaN,
    "med_sharpe_per_market_is_best": NaN,
    "share_as_good_as_own_best": NaN,
    "median_capture_ratio": NaN
  }
]

trend_book_years: [
  {
    "pair": "58/160",
    "mode": "long",
    "sharpe": 0.92,
    "cagr": 0.085,
    "max_dd": -0.241,
    "calmar": 0.353,
    "vol": 0.093,
    "years": 56,
    "share_years_positive": 0.732,
    "worst_year": -0.12,
    "best_year": 0.425,
    "median_year": 0.093
  },
  {
    "pair": "58/160",
    "mode": "ls",
    "sharpe": 0.652,
    "cagr": 0.061,
    "max_dd": -0.401,
    "calmar": 0.153,
    "vol": 0.099,
    "years": 56,
    "share_years_positive": 0.696,
    "worst_year": -0.213,
    "best_year": 0.341,
    "median_year": 0.074
  },
  {
    "pair": "60/130",
    "mode": "long",
    "sharpe": 0.973,
    "cagr": 0.09,
    "max_dd": -0.211,
    "calmar": 0.428,
    "vol": 0.093,
    "years": 57,
    "share_years_positive": 0.719,
    "worst_year": -0.125,
    "best_year": 0.422,
    "median_year": 0.084
  },
  {
    "pair": "60/130",
    "mode": "ls",
    "sharpe": 0.71,
    "cagr": 0.067,
    "max_dd": -0.32,
    "calmar": 0.21,
    "vol": 0.098,
    "years": 57,
    "share_years_positive": 0.719,
    "worst_year": -0.205,
    "best_year": 0.34,
    "median_year": 0.069
  },
  {
    "pair": "50/136",
    "mode": "long",
    "sharpe": 0.998,
    "cagr": 0.093,
    "max_dd": -0.218,
    "calmar": 0.427,
    "vol": 0.093,
    "years": 56,
    "share_years_positive": 0.732,
    "worst_year": -0.126,
    "best_year": 0.427,
    "median_year": 0.082
  },
  {
    "pair": "50/136",
    "mode": "ls",
    "sharpe": 0.758,
    "cagr": 0.072,
    "max_dd": -0.304,
    "calmar": 0.238,
    "vol": 0.098,
    "years": 56,
    "share_years_positive": 0.714,
    "worst_year": -0.196,
    "best_year": 0.341,
    "median_year": 0.073
  },
  {
    "pair": "40/116",
    "mode": "long",
    "sharpe": 1.004,
    "cagr": 0.094,
    "max_dd": -0.234,
    "calmar": 0.402,
    "vol": 0.094,
    "years": 57,
    "share_years_positive": 0.719,
    "worst_year": -0.137,
    "best_year": 0.428,
    "median_year": 0.077
  },
  {
    "pair": "40/116",
    "mode": "ls",
    "sharpe": 

==============================================================================
10. FILES
==============================================================================
tables: ['band_med_calmar_long.csv', 'band_med_calmar_ls.csv', 'band_med_dd_long.csv', 'band_med_dd_ls.csv', 'band_med_rt_yr_long.csv', 'band_med_rt_yr_ls.csv', 'band_med_sharpe_long.csv', 'band_med_sharpe_ls.csv', 'band_share_pos_long.csv', 'band_share_pos_ls.csv', 'best_pair_per_market.csv', 'best_pair_per_market.md', 'bh_reference.csv', 'bh_reference.md', 'by_decade.csv', 'by_decade.md', 'data_hygiene.csv', 'deflated_sharpe.csv', 'deflated_sharpe.md', 'execution_model.csv', 'execution_model.md', 'ext_ridge_long.csv', 'ext_ridge_long.md', 'ext_ridge_ls.csv', 'ext_ridge_ls.md', 'famous_bars_chart_data.csv', 'famous_vs_found.csv', 'famous_vs_found.md', 'given_your_fast_long.csv', 'given_your_fast_long.md', 'given_your_fast_ls.csv', 'given_your_fast_ls.md', 'given_your_slow_long.csv', 'given_your_slow_long.md', 'given_your_slow_ls.csv', 'given_your_slow_ls.md', 'global_vs_per_market.csv', 'global_vs_per_market.md', 'home_markets.csv', 'home_markets.md', 'negative_control_fx.csv', 'negative_control_fx.md', 'pair_by_asset_class.csv', 'pair_by_asset_class.md', 'pair_robustness_long.csv', 'pair_robustness_ls.csv', 'per_market_optimum_scaled.csv', 'per_market_optimum_scaled.md', 'ridge_best_fast_per_slow_long.csv', 'ridge_best_fast_per_slow_long.md', 'ridge_best_fast_per_slow_ls.csv', 'ridge_best_fast_per_slow_ls.md', 'ridge_best_slow_per_fast_long.csv', 'ridge_best_slow_per_fast_long.md', 'ridge_best_slow_per_fast_ls.csv', 'ridge_best_slow_per_fast_ls.md', 'rolling_3y_consistency.csv', 'rolling_3y_consistency.md', 'sensitivity_panels.csv', 'sensitivity_panels.md', 'split_sample_long.csv', 'split_sample_ls.csv', 'split_sample_summary_long.csv', 'split_sample_summary_long.md', 'split_sample_summary_ls.csv', 'split_sample_summary_ls.md', 'top40_insample_long.csv', 'top40_insample_ls.csv', 'top40_robust_long.csv', 'top40_robust_long.md', 'top40_robust_ls.csv', 'top40_robust_ls.md', 'trend_book.csv', 'trend_book.md', 'trend_book_years.csv', 'trend_book_years.md', 'walk_forward_folds_long.csv', 'walk_forward_folds_ls.csv', 'walk_forward_summary_long.csv', 'walk_forward_summary_long.md']
figures: ['fig_equity.png', 'fig_famous_bars.png', 'fig_heat.png', 'fig_is_oos.png', 'fig_lines_long.png', 'fig_lines_ls.png', 'fig_lines_nbmin_long.png', 'fig_lines_nbmin_ls.png', 'fig_optimal_vs_autocorr.png', 'fig_optimal_vs_vol.png', 'fig_split_is_oos_long.png', 'fig_split_is_oos_ls.png', 'fig_surface_long.png', 'fig_surface_ls.png']
